===GAME START===
Game ID: G1RJDKT8R
===PHASE 1 START===
[00:01] <Player1> spent ₹ -25M on a Rajasthan campaign
[00:01] <Player1> spent ₹ -25M on a Rajasthan campaign
[00:02] <Player2> spent ₹ -10M on promise: P M Jan-Dhan Yojana
[00:02] <Player1> spent ₹ -29M on a Madhya Pradesh campaign
[00:02] <Player1> spent ₹ -80M on a Uttar Pradesh campaign
[00:03] <Player1> spent ₹ -80M on a Uttar Pradesh campaign
[00:04] <Player2> spent ₹ -10M on promise: Mandal Commission
[00:08] <Player2> spent ₹ -10M on promise: Farm Bills
[00:10] <Player2> spent ₹ -10M on promise: River-Linking Projects
[00:12] <Player2> spent ₹ -10M on promise: Beti Bachao Beti Padhao
[00:16] <Player2> spent ₹ -10M on promise: Farm Bills
[00:18] <Player2> spent ₹ -10M on promise: River-Linking Projects
[00:20] <Player2> spent ₹ -10M on promise: Industry & Mining
[00:24] <Player2> spent ₹ -10M on promise: Beti Bachao Beti Padhao
[00:54] =============PHASE 2 START============
[00:54] <Player1> received ₹ +250M
[00:54] <Player2> received ₹ +375M
[00:54] --- PHASE 1 SUMMARY ---
Player 1: Funds Spent: ₹239M | Funds Remaining: ₹0M
Player 2: Funds Spent: ₹90M | Funds Remaining: ₹0M

Popularity by State (P1 | P2 | Others):
INAN: 56% | 18% | 26%
INAP: 11% | 45% | 44%
INAR: 29% | 29% | 42%
INAS: 13% | 29% | 58%
INBR: 40% | 41% | 19%
INCH: 30% | 21% | 49%
INCT: 35% | 60% | 5%
INDH: 29% | 28% | 43%
INDD: 20% | 46% | 34%
INDL: 44% | 40% | 16%
INGA: 33% | 31% | 36%
INGJ: 40% | 36% | 24%
INHR: 45% | 15% | 40%
INHP: 50% | 40% | 10%
INJK: 34% | 27% | 39%
INJH: 42% | 37% | 21%
INKA: 18% | 13% | 69%
INKL: 59% | 36% | 5%
INLA: 21% | 22% | 57%
INLD: 24% | 43% | 33%
INMP: 26% | 51% | 23%
INMH: 27% | 14% | 59%
INMN: 26% | 19% | 55%
INML: 20% | 27% | 53%
INMZ: 42% | 16% | 42%
INNL: 52% | 24% | 24%
INOR: 22% | 20% | 58%
INPY: 19% | 48% | 33%
INPB: 56% | 33% | 11%
INRJ: 32% | 20% | 48%
INSK: 28% | 49% | 23%
INTN: 11% | 12% | 77%
INTG: 60% | 21% | 19%
INTR: 35% | 54% | 11%
INUP: 20% | 28% | 52%
INUT: 54% | 30% | 16%
INWB: 25% | 22% | 53%

Campaign Promises Progress (max 10):
Player 1:
Player 2:
  P M Jan-Dhan Yojana: 1/10
  Mandal Commission: 1/10
  Farm Bills: 2/10
  River-Linking Projects: 2/10
  Beti Bachao Beti Padhao: 2/10
  Industry & Mining: 1/10

[00:35] <Player2> spent ₹ -10M on promise: Hindutva
[00:37] <Player2> spent ₹ -10M on promise: Highways & Airports
[00:38] <Player1> spent ₹ -48M on a Maharashtra campaign
[00:38] <Player1> spent ₹ -48M on a Maharashtra campaign
[00:39] <Player2> spent ₹ -10M on promise: Ports Modernisation
[00:39] <Player1> spent ₹ -29M on a Madhya Pradesh campaign
[00:40] <Player1> spent ₹ -29M on a Madhya Pradesh campaign
[00:41] <Player2> spent ₹ -10M on promise: GMOs
[00:45] <Player2> spent ₹ -10M on promise: Waqf Board Reforms
[00:49] <Player2> spent ₹ -10M on promise: Tribal Rights
[00:51] <Player2> spent ₹ -10M on promise: Mandal Commission
[00:53] <Player2> spent ₹ -10M on promise: MGNREGA Expansion
[00:54] <Player1> spent ₹ -80M on a Uttar Pradesh campaign
[00:54] --- PHASE 2 SUMMARY ---
Player 1: Funds Spent: ₹234M | Funds Remaining: ₹0M
Player 2: Funds Spent: ₹80M | Funds Remaining: ₹0M

Popularity by State (P1 | P2 | Others):
INAN: 56% | 18% | 26%
INAP: 11% | 45% | 44%
INAR: 29% | 29% | 42%
INAS: 13% | 29% | 58%
INBR: 40% | 41% | 19%
INCH: 30% | 21% | 49%
INCT: 35% | 60% | 5%
INDH: 29% | 28% | 43%
INDD: 20% | 46% | 34%
INDL: 44% | 40% | 16%
INGA: 33% | 31% | 36%
INGJ: 40% | 36% | 24%
INHR: 45% | 15% | 40%
INHP: 50% | 40% | 10%
INJK: 34% | 27% | 39%
INJH: 42% | 37% | 21%
INKA: 18% | 13% | 69%
INKL: 59% | 36% | 5%
INLA: 21% | 22% | 57%
INLD: 24% | 43% | 33%
INMP: 36% | 45% | 19%
INMH: 37% | 12% | 51%
INMN: 26% | 19% | 55%
INML: 20% | 27% | 53%
INMZ: 42% | 16% | 42%
INNL: 52% | 24% | 24%
INOR: 22% | 20% | 58%
INPY: 19% | 48% | 33%
INPB: 56% | 33% | 11%
INRJ: 32% | 20% | 48%
INSK: 28% | 49% | 23%
INTN: 11% | 12% | 77%
INTG: 60% | 21% | 19%
INTR: 35% | 54% | 11%
INUP: 25% | 26% | 49%
INUT: 54% | 30% | 16%
INWB: 25% | 22% | 53%

Campaign Promises Progress (max 10):
Player 1:
Player 2:
  P M Jan-Dhan Yojana: 1/10
  Mandal Commission: 2/10
  Farm Bills: 2/10
  River-Linking Projects: 2/10
  Beti Bachao Beti Padhao: 2/10
  Industry & Mining: 1/10
  Hindutva: 1/10
  Highways & Airports: 1/10
  Ports Modernisation: 1/10
  GMOs: 1/10
  Waqf Board Reforms: 1/10
  Tribal Rights: 1/10
  MGNREGA Expansion: 1/10

[00:54] <Player2> spent ₹ -10M on promise: Farm Bills
