===GAME START===
Game ID: G6BNXPII4
===PHASE 1 START===
[00:08] <Player2> spent ₹ -10M on promise: Farm Bills
[00:12] <Player2> spent ₹ -10M on promise: River-Linking Projects
[00:18] <Player2> spent ₹ -10M on promise: Farm Loan Waivers
[00:20] <Player2> spent ₹ -10M on promise: Beti Bachao Beti Padhao
[00:23] <Player1> spent ₹ -80M on a Uttar Pradesh campaign
[00:24] <Player2> spent ₹ -10M on promise: Digital India
[00:24] <Player1> spent ₹ -80M on a Uttar Pradesh campaign
[00:24] <Player1> spent ₹ -5M on a Uttarakhand campaign
[00:24] <Player1> spent ₹ -5M on a Uttarakhand campaign
[00:25] <Player1> spent ₹ -25M on a Rajasthan campaign
[00:25] <Player1> spent ₹ -25M on a Rajasthan campaign
[00:26] <Player1> spent ₹ -10M on a Haryana campaign
[00:26] <Player1> spent ₹ -10M on a Haryana campaign
[00:27] <Player1> spent ₹ -5M on a Jammu And Kashmir campaign
[00:27] <Player1> spent ₹ -5M on a Jammu And Kashmir campaign
[00:27] --- PHASE 1 SUMMARY ---
Player 1: Funds Spent: ₹250M | Funds Remaining: ₹0M
Player 2: Funds Spent: ₹375M | Funds Remaining: ₹0M

Popularity by State (P1 | P2 | Others):
INAN: 20% | 48% | 32%
INAP: 33% | 17% | 50%
INAR: 15% | 25% | 60%
INAS: 27% | 30% | 43%
INBR: 31% | 13% | 56%
INCH: 12% | 23% | 65%
INCT: 33% | 46% | 21%
INDH: 29% | 59% | 12%
INDD: 13% | 34% | 53%
INDL: 25% | 31% | 44%
INGA: 38% | 54% | 8%
INGJ: 53% | 35% | 12%
INHR: 38% | 13% | 49%
INHP: 38% | 55% | 7%
INJK: 41% | 16% | 43%
INJH: 10% | 21% | 69%
INKA: 14% | 42% | 44%
INKL: 29% | 24% | 47%
INLA: 59% | 15% | 26%
INLD: 28% | 29% | 43%
INMP: 14% | 47% | 39%
INMH: 36% | 30% | 34%
INMN: 31% | 21% | 48%
INML: 38% | 39% | 23%
INMZ: 32% | 20% | 48%
INNL: 32% | 27% | 41%
INOR: 20% | 48% | 32%
INPY: 43% | 39% | 18%
INPB: 26% | 60% | 14%
INRJ: 48% | 12% | 40%
INSK: 26% | 24% | 50%
INTN: 15% | 18% | 67%
INTG: 26% | 11% | 63%
INTR: 26% | 25% | 49%
INUP: 31% | 29% | 40%
INUT: 34% | 29% | 37%
INWB: 11% | 11% | 78%

Campaign Promises Progress (max 10):
Player 1:
Player 2:
  Farm Bills: 1/10
  River-Linking Projects: 1/10
  Farm Loan Waivers: 1/10
  Beti Bachao Beti Padhao: 1/10
  Digital India: 1/10

[00:54] =============PHASE 2 START============
[00:54] <Player1> received ₹ +250M
[00:54] <Player2> received ₹ +375M
[00:27] <Player2> spent ₹ -10M on promise: Women’s Reservation
[00:27] <Player1> spent ₹ -40M on a Bihar campaign
[00:27] <Player1> spent ₹ -40M on a Bihar campaign
[00:28] <Player1> spent ₹ -40M on a Bihar campaign
[00:28] <Player1> spent ₹ -80M on a Uttar Pradesh campaign
[00:29] <Player1> spent ₹ -17M on a Telangana campaign
[00:29] <Player1> spent ₹ -17M on a Telangana campaign
[00:31] <Player2> spent ₹ -10M on promise: Industry & Mining
[00:41] <Player2> spent ₹ -10M on promise: Uniform Civil Code
[00:43] <Player2> spent ₹ -10M on promise: P M Jan-Dhan Yojana
[00:45] <Player2> spent ₹ -10M on promise: Smart Cities
[00:49] <Player2> spent ₹ -10M on promise: P M Jan-Dhan Yojana
[00:51] <Player2> spent ₹ -10M on promise: Secularism
[00:54] --- PHASE 2 SUMMARY ---
Player 1: Funds Spent: ₹250M | Funds Remaining: ₹0M
Player 2: Funds Spent: ₹375M | Funds Remaining: ₹0M

Popularity by State (P1 | P2 | Others):
INAN: 20% | 48% | 32%
INAP: 33% | 17% | 50%
INAR: 15% | 25% | 60%
INAS: 27% | 30% | 43%
INBR: 46% | 10% | 44%
INCH: 12% | 23% | 65%
INCT: 33% | 46% | 21%
INDH: 29% | 59% | 12%
INDD: 13% | 34% | 53%
INDL: 25% | 31% | 44%
INGA: 38% | 54% | 8%
INGJ: 53% | 35% | 12%
INHR: 38% | 13% | 49%
INHP: 38% | 55% | 7%
INJK: 41% | 16% | 43%
INJH: 10% | 21% | 69%
INKA: 14% | 42% | 44%
INKL: 29% | 24% | 47%
INLA: 59% | 15% | 26%
INLD: 28% | 29% | 43%
INMP: 14% | 47% | 39%
INMH: 36% | 30% | 34%
INMN: 31% | 21% | 48%
INML: 38% | 39% | 23%
INMZ: 32% | 20% | 48%
INNL: 32% | 27% | 41%
INOR: 20% | 48% | 32%
INPY: 43% | 39% | 18%
INPB: 26% | 60% | 14%
INRJ: 48% | 12% | 40%
INSK: 26% | 24% | 50%
INTN: 15% | 18% | 67%
INTG: 36% | 9% | 55%
INTR: 26% | 25% | 49%
INUP: 36% | 27% | 37%
INUT: 34% | 29% | 37%
INWB: 11% | 11% | 78%

Campaign Promises Progress (max 10):
Player 1:
Player 2:
  Farm Bills: 1/10
  River-Linking Projects: 1/10
  Farm Loan Waivers: 1/10
  Beti Bachao Beti Padhao: 1/10
  Digital India: 1/10
  Women’s Reservation: 1/10
  Industry & Mining: 1/10
  Uniform Civil Code: 1/10
  P M Jan-Dhan Yojana: 2/10
  Smart Cities: 1/10
  Secularism: 1/10

[00:54] <Player2> spent ₹ -10M on promise: Farm Loan Waivers
